   0.941526  -0.0216337   -0.336257           0
3.19201e-05    0.997942  -0.0641193           0
   0.336952   0.0603595    0.939589           0
          0           0           0           1