   0.941549  -0.0431623   -0.334114           0
0.000102878    0.991795   -0.127846           0
    0.33689    0.120339    0.933828           0
          0           0           0           1