    0.941526   -0.0643688    -0.330727            0
-3.48799e-05     0.981564    -0.191131            0
    0.336933     0.179966     0.924166            0
           0            0            0            1