   0.941512  -0.0855406   -0.325947           0
6.21602e-05    0.967289   -0.253683           0
   0.336985    0.238826     0.91072           0
          0           0           0           1